name: cv1
channels:
  - conda-forge
  - defaults
dependencies:
  - blas=2.14=openblas
  - bzip2=1.0.8=h516909a_3
  - dbus=1.13.6=he372182_0
  - expat=2.2.9=he1b5a44_2
  - freetype=2.10.2=he06d7ca_0
  - gettext=0.19.8.1=hc5be6a0_1002
  - glib=2.66.0=h0dae87d_0
  - gmp=6.2.0=he1b5a44_2
  - gnutls=3.6.13=h79a8f9a_0
  - graphite2=1.3.13=he1b5a44_1001
  - gst-plugins-base=1.14.5=h0935bb2_2
  - gstreamer=1.14.5=h36ae1b5_2
  - jpeg=9d=h516909a_0
  - krb5=1.17.1=hfafb76e_3
  - lame=3.100=h14c3975_1001
  - libblas=3.8.0=14_openblas
  - libcblas=3.8.0=14_openblas
  - libclang=10.0.1=default_hde54327_1
  - libevent=2.1.10=hcdb4288_2
  - libffi=3.2.1=he1b5a44_1007
  - libgfortran-ng=7.5.0=hdf63c60_16
  - libiconv=1.16=h516909a_0
  - liblapack=3.8.0=14_openblas
  - liblapacke=3.8.0=14_openblas
  - libllvm10=10.0.1=he513fc3_3
  - libopenblas=0.3.7=h5ec1e0e_6
  - libpng=1.6.37=hed695b0_2
  - libpq=12.3=h5513abc_0
  - libtiff=4.1.0=hc7e4089_6
  - libwebp-base=1.1.0=h516909a_3
  - libxcb=1.13=h14c3975_1002
  - libxkbcommon=0.10.0=he1b5a44_0
  - lz4-c=1.9.2=he1b5a44_3
  - mkl_fft=1.1.0=py37hc1659b7_1
  - mysql-common=8.0.21=2
  - mysql-libs=8.0.21=hf3661c5_2
  - nettle=3.4.1=h1bed415_1002
  - nspr=4.28=he1b5a44_0
  - nss=3.56=he751ad9_0
  - numpy=1.19.1=py37h7ea13bd_2
  - openh264=2.1.1=h8b12597_0
  - pcre=8.44=he1b5a44_0
  - pixman=0.38.0=h516909a_1003
  - pthread-stubs=0.4=h14c3975_1001
  - python=3.7.8=h6f2ec95_0_cpython
  - python_abi=3.7=1_cp37m
  - x264=1!152.20180806=h14c3975_0
  - xorg-kbproto=1.0.7=h14c3975_1002
  - xorg-libice=1.0.10=h516909a_0
  - xorg-libx11=1.6.12=h516909a_0
  - xorg-libxau=1.0.9=h14c3975_0
  - xorg-libxdmcp=1.1.3=h516909a_0
  - xorg-libxext=1.3.4=h516909a_0
  - xorg-libxrender=0.9.10=h516909a_1002
  - xorg-renderproto=0.11.1=h14c3975_1002
  - xorg-xextproto=7.3.0=h14c3975_1002
  - xorg-xproto=7.0.31=h14c3975_1007
  - zstd=1.4.5=h6597ccf_2
  - _libgcc_mutex=0.1=main
  - ca-certificates=2020.7.22=0
  - cairo=1.14.12=h8948797_3
  - certifi=2020.6.20=py37_0
  - cycler=0.10.0=py37_0
  - ffmpeg=4.0=hcdf2ecd_0
  - fontconfig=2.13.0=h9420a91_0
  - freeglut=3.0.0=hf484d3e_5
  - harfbuzz=1.8.8=hffaf4a1_0
  - hdf5=1.10.2=hba1933b_1
  - icu=58.2=he6710b0_3
  - intel-openmp=2019.4=243
  - jasper=2.0.14=h07fcdf6_1
  - kiwisolver=1.2.0=py37hfd86e86_0
  - lcms2=2.11=h396b838_0
  - ld_impl_linux-64=2.33.1=h53a641e_7
  - libedit=3.1.20191231=h14c3975_1
  - libgcc-ng=9.1.0=hdf63c60_0
  - libglu=9.0.0=hf484d3e_1
  - libopencv=3.4.2=hb342d67_1
  - libopus=1.3.1=h7b6447c_0
  - libstdcxx-ng=9.1.0=hdf63c60_0
  - libuuid=1.0.3=h1bed415_2
  - libvpx=1.7.0=h439df22_0
  - libxml2=2.9.10=he19cac6_1
  - matplotlib=3.3.1=0
  - matplotlib-base=3.3.1=py37h817c723_0
  - mkl=2019.4=243
  - mkl-service=2.3.0=py37he904b0f_0
  - ncurses=6.2=he6710b0_1
  - numpy-base=1.18.5=py37h2f8d375_0
  - olefile=0.46=py_0
  - opencv=3.4.2=py37h6fd60c2_1
  - openssl=1.1.1g=h7b6447c_0
  - pillow=7.2.0=py37hb39fc2d_0
  - pip=20.2.2=py37_0
  - py-opencv=3.4.2=py37hb342d67_1
  - pyparsing=2.4.7=py_0
  - pyqt=5.9.2=py37h05f1152_2
  - python-dateutil=2.8.1=py_0
  - qt=5.9.7=h5867ecd_1
  - readline=8.0=h7b6447c_0
  - setuptools=49.6.0=py37_0
  - sip=4.19.8=py37hf484d3e_0
  - six=1.15.0=py_0
  - sqlite=3.33.0=h62c20be_0
  - tk=8.6.10=hbc83047_0
  - tornado=6.0.4=py37h7b6447c_1
  - wheel=0.35.1=py_0
  - xz=5.2.5=h7b6447c_0
  - zlib=1.2.11=h7b6447c_3
prefix: /home/rajeev/anaconda2/envs/cv1

